./data/10x10.jpg (10-by-10 image)

The table gives the dual-gradient energies of each pixel.
The asterisks denote a minimum energy vertical or horizontal seam.

Vertical seam: { 8 7 7 7 7 8 9 8 7 7 }
 340.28   192.85   226.13   195.29   222.83   222.47   255.80   267.89   170.84*  256.82  
 286.65   133.38   274.78   243.77   280.89   175.67   240.49   134.32*  181.50   241.58  
 176.41   238.35   141.74   181.16   211.46   175.17   292.37   131.34*  260.93   233.70  
 263.43   222.63   261.17   169.27   169.27   122.60   220.25   197.42*  216.85   231.78  
 264.13   311.47   286.01   228.16   152.50   200.02   224.54   187.34*  251.49   206.55  
 110.70   220.50   303.98   252.93   174.13   255.82   251.02   213.51   218.74*  189.84  
 345.43   318.84   224.10   256.55   249.03   230.83   259.43   285.23   263.61   199.78* 
 266.20   236.52   263.05   195.80   209.67   161.55   267.06   274.41   150.08*  309.19  
 284.07   205.95   205.47   247.58   273.84   197.73   340.86    83.70*  246.86   231.86  
 253.86   339.87   205.09   220.51   186.29   165.44   179.31   126.23*  210.48   227.77  
Total energy = 1599.797385


Horizontal seam: { 2 1 2 3 4 3 3 2 1 2 }
 340.28   192.85   226.13   195.29   222.83   222.47   255.80   267.89   170.84   256.82  
 286.65   133.38*  274.78   243.77   280.89   175.67   240.49   134.32   181.50*  241.58  
 176.41*  238.35   141.74*  181.16   211.46   175.17   292.37   131.34*  260.93   233.70* 
 263.43   222.63   261.17   169.27*  169.27   122.60*  220.25*  197.42   216.85   231.78  
 264.13   311.47   286.01   228.16   152.50*  200.02   224.54   187.34   251.49   206.55  
 110.70   220.50   303.98   252.93   174.13   255.82   251.02   213.51   218.74   189.84  
 345.43   318.84   224.10   256.55   249.03   230.83   259.43   285.23   263.61   199.78  
 266.20   236.52   263.05   195.80   209.67   161.55   267.06   274.41   150.08   309.19  
 284.07   205.95   205.47   247.58   273.84   197.73   340.86    83.70   246.86   231.86  
 253.86   339.87   205.09   220.51   186.29   165.44   179.31   126.23   210.48   227.77  
Total energy = 1662.691848


