./data/10x12.jpg (10-by-12 image)

The table gives the dual-gradient energies of each pixel.
The asterisks denote a minimum energy vertical or horizontal seam.

Vertical seam: { 7 7 7 8 7 7 6 7 6 5 6 6 }
 202.99   222.20   259.33   208.81   251.86   188.92   277.56   154.18*  245.57   226.61  
 290.31   236.93   296.58   327.35   184.61   312.01   159.10   141.47*  356.86   193.04  
 221.05   252.14   234.96   198.42   399.51   204.30   343.81   138.66*  343.01   263.49  
 286.57   232.73   332.00   259.57   288.36   146.74   321.82   221.54   172.65*  282.53  
 194.28   309.13   295.01   172.68   220.87   189.34   267.16   189.47*  279.53   216.80  
 180.20   168.34   350.28   319.59   260.54   268.49   347.42   212.32*  287.21   291.30  
 243.45   234.19   304.54   275.08   300.27   341.72   171.08*  314.80   313.54   222.31  
 283.06   174.15   306.83   357.47   319.18   191.53   405.37   166.53*  208.90   322.85  
 212.03   217.58   289.13   287.55   198.70   375.74   180.44*  303.82   312.73   206.38  
 264.48   198.01   192.31   295.03   275.68   113.28*  300.22   310.21   161.80   233.76  
 241.01   241.46   168.16   159.10   274.57   256.51   118.88*  190.01   272.90   146.02  
 276.77   256.41   172.54   152.00   185.19   254.54   158.12*  193.76   319.27   262.18  
Total energy = 1917.072996


Horizontal seam: { 8 9 10 11 10 9 10 10 9 10 }
 202.99   222.20   259.33   208.81   251.86   188.92   277.56   154.18   245.57   226.61  
 290.31   236.93   296.58   327.35   184.61   312.01   159.10   141.47   356.86   193.04  
 221.05   252.14   234.96   198.42   399.51   204.30   343.81   138.66   343.01   263.49  
 286.57   232.73   332.00   259.57   288.36   146.74   321.82   221.54   172.65   282.53  
 194.28   309.13   295.01   172.68   220.87   189.34   267.16   189.47   279.53   216.80  
 180.20   168.34   350.28   319.59   260.54   268.49   347.42   212.32   287.21   291.30  
 243.45   234.19   304.54   275.08   300.27   341.72   171.08   314.80   313.54   222.31  
 283.06   174.15   306.83   357.47   319.18   191.53   405.37   166.53   208.90   322.85  
 212.03*  217.58   289.13   287.55   198.70   375.74   180.44   303.82   312.73   206.38  
 264.48   198.01*  192.31   295.03   275.68   113.28*  300.22   310.21   161.80*  233.76  
 241.01   241.46   168.16*  159.10   274.57*  256.51   118.88*  190.01*  272.90   146.02* 
 276.77   256.41   172.54   152.00*  185.19   254.54   158.12   193.76   319.27   262.18  
Total energy = 1734.760925


