./data/12x10.jpg (12-by-10 image)

The table gives the dual-gradient energies of each pixel.
The asterisks denote a minimum energy vertical or horizontal seam.

Vertical seam: { 8 7 7 6 6 7 7 7 8 9 }
 233.10   369.95   353.09   125.32   277.62   373.32   267.71   347.01   164.99*  236.69   302.74   338.83  
 220.02   227.01   134.51   260.88   274.94   170.99   355.36   184.36*  208.57   274.60   116.92   255.37  
 202.86   298.45   274.25   360.76   261.25   246.98   220.64   185.62*  285.32   200.20   329.36   158.34  
 233.92   213.53   338.45   259.62   248.19   240.83   202.11*  305.99   270.76   345.44   209.03   226.96  
 285.18   281.25   204.36   239.96   291.26   455.24   183.18*  235.53   290.40   243.89   178.40   198.45  
 235.13   288.97   252.17   237.17   234.88   281.85   249.70   210.50*  259.99   222.55   318.05   196.50  
 295.17   265.21   333.23   172.14   210.44   222.28   248.22   107.33*  150.58   298.32   199.23   318.83  
 216.65   299.51   211.52   189.47   191.36   333.32   301.27    88.20*  348.49   260.57   253.67   236.45  
 226.47   226.89   251.37   162.06   269.08   258.86   232.73   302.77   161.30*  224.41   195.22   278.15  
 214.64   293.28   256.72   185.66   274.23   295.54   244.33   225.26   337.30   192.55*  223.92   259.37  
Total energy = 1680.151691


Horizontal seam: { 2 1 1 0 1 1 2 1 0 0 1 2 }
 233.10   369.95   353.09   125.32*  277.62   373.32   267.71   347.01   164.99*  236.69*  302.74   338.83  
 220.02   227.01*  134.51*  260.88   274.94*  170.99*  355.36   184.36*  208.57   274.60   116.92*  255.37  
 202.86*  298.45   274.25   360.76   261.25   246.98   220.64*  185.62   285.32   200.20   329.36   158.34* 
 233.92   213.53   338.45   259.62   248.19   240.83   202.11   305.99   270.76   345.44   209.03   226.96  
 285.18   281.25   204.36   239.96   291.26   455.24   183.18   235.53   290.40   243.89   178.40   198.45  
 235.13   288.97   252.17   237.17   234.88   281.85   249.70   210.50   259.99   222.55   318.05   196.50  
 295.17   265.21   333.23   172.14   210.44   222.28   248.22   107.33   150.58   298.32   199.23   318.83  
 216.65   299.51   211.52   189.47   191.36   333.32   301.27    88.20   348.49   260.57   253.67   236.45  
 226.47   226.89   251.37   162.06   269.08   258.86   232.73   302.77   161.30   224.41   195.22   278.15  
 214.64   293.28   256.72   185.66   274.23   295.54   244.33   225.26   337.30   192.55   223.92   259.37  
Total energy = 2217.579599


