./data/7x10.jpg (7-by-10 image)

The table gives the dual-gradient energies of each pixel.
The asterisks denote a minimum energy vertical or horizontal seam.

Vertical seam: { 4 3 4 3 4 3 3 2 2 1 }
 343.58   128.69   306.74   228.07   161.90*  237.24   288.24  
 262.81   168.53   304.34   190.94*  202.42   283.27   198.82  
 175.39   277.85   285.60   295.10   170.81*  295.08   373.15  
 313.31   258.39   260.31   182.51*  388.03   221.76   289.78  
 196.95   328.88   245.57   374.58   241.22*  388.66   121.11  
 253.27   228.55   342.55   113.76*  274.31   286.19   263.23  
 220.94   276.11   282.19   272.11*  201.03   226.65   321.08  
 233.49   147.78    73.78*  275.04   286.46   296.74   203.96  
 283.33   257.53   189.54*  302.07   186.49   247.35   197.97  
 302.00   156.82*  288.85   269.13   294.30   119.42   349.18  
Total energy = 1753.384443


Horizontal seam: { 6 7 7 7 8 9 8 }
 343.58   128.69   306.74   228.07   161.90   237.24   288.24  
 262.81   168.53   304.34   190.94   202.42   283.27   198.82  
 175.39   277.85   285.60   295.10   170.81   295.08   373.15  
 313.31   258.39   260.31   182.51   388.03   221.76   289.78  
 196.95   328.88   245.57   374.58   241.22   388.66   121.11  
 253.27   228.55   342.55   113.76   274.31   286.19   263.23  
 220.94*  276.11   282.19   272.11   201.03   226.65   321.08  
 233.49   147.78*   73.78*  275.04*  286.46   296.74   203.96  
 283.33   257.53   189.54   302.07   186.49*  247.35   197.97* 
 302.00   156.82   288.85   269.13   294.30   119.42*  349.18  
Total energy = 1221.407269


